1 0.6034159256431315 0.267951096207639 0.016596466402788484 0.019025239828662277
1 0.5743453409440538 0.2518747685524194 0.01199228540072459 0.017312968244082672
0 0.6668572568925004 0.4672404834128763 0.02334212694069599 0.026825588158413807
4 0.6414807243927528 0.7660318749220171 0.01563280061165874 0.022069278201248262
4 0.6752625640706869 0.7524288284445236 0.011242767563179329 0.023781549785827822
9 0.5335653956726413 0.8050401154566449 0.015819216405253966 0.020258075369559588
9 0.5034233752247924 0.7918723664664312 0.01026111334394852 0.02127097913803749
10 0.3512881183544443 0.6779206925126585 0.010973690659500532 0.02380323855923254
10 0.37808102541919886 0.6745021422940451 0.013538968995487632 0.01443387870081122
11 0.10104346334527106 0.8023812430643903 0.015961731868364405 0.023550012617113012
8 0.23743076154192044 0.5211738343406912 0.018812041130572367 0.024309690443471487
8 0.2651500191168925 0.499269790347355 0.011258721585721302 0.02304356073287406
