4 0.24083208994791594 0.3261492472542455 0.01746942193823367 0.024046772175759467
3 0.4530486592680081 0.5191792457196599 0.015254988171415275 0.02360955813620019
3 0.4306582734035115 0.4968813297021375 0.008365638674647083 0.02623284237355574
1 0.5479002389467276 0.5331700949855561 0.018453614723486243 0.032353838927385296
8 0.5684452633388757 0.5932870254249548 0.019191759312425692 0.03104219680870752
8 0.6049834204913783 0.5768914989414823 0.016977325545607352 0.027981698531792745
10 0.40334692361275165 0.5639936847744843 0.016731277349294225 0.025795628333996522
10 0.3761585979201486 0.5548121899437397 0.016485229152981038 0.034539909125181734
9 0.5224129966894423 0.6878643651197477 0.01527765715910841 0.026333125430608093
9 0.5557182892962981 0.6943797775974238 0.01436099772956151 0.027961978550026922
2 0.5698501221684729 0.7201699519882253 0.015430433730699154 0.027961978550026922
