4 0.24632509077956044 0.31404143535393375 0.016509833972612402 0.023565836732244227
3 0.4214375920956295 0.5244506918918288 0.017592446036390263 0.026932384836850655
3 0.44714962861035373 0.5030490646554029 0.0110967736537231 0.031260803828487185
1 0.5229324730748041 0.5266149013876472 0.01813375206827914 0.030298932941456923
1 0.5564934470519178 0.5076179513687973 0.015427221908834483 0.030779868384972053
8 0.5910017065848371 0.5708609621910445 0.01894571111611262 0.026451449393335304
8 0.6234800684981728 0.5511426090069218 0.015697874924778917 0.03126080382848729
11 0.5784163413434193 0.4814069696972194 0.016509833972612343 0.028375191167396053
2 0.575845137691947 0.7218746914548138 0.01894571111611262 0.02548957850630503
2 0.5387656745075553 0.7185081433502074 0.016239180956667904 0.03222267471551766
10 0.3947782700250997 0.5566733666073465 0.020569629211779357 0.03366548104606317
4 0.27190180078631243 0.295525420778599 0.010284814605889704 0.029817997497941732
