10 0.2680995262626962 0.6445298686188491 0.01972756046559357 0.03505254781194894
10 0.30053618818208555 0.6603709238800185 0.024659450581991916 0.03370437289610478
8 0.518013573507114 0.7158146172941108 0.02712539564019112 0.05021951561519613
8 0.5606933918221001 0.7377224596765789 0.027504771802990987 0.03808594137259842
2 0.6505106983649707 0.6544726586232001 0.024659450581991916 0.04347864103597519
2 0.692052388191557 0.6679544077816421 0.027694459884390867 0.03471550408298799
4 0.5636410534182508 0.42996300104431706 0.02019798690746536 0.027324135106872097
3 0.5020142410926322 0.4621810110957035 0.01859132885800791 0.028955426755043576
3 0.47068440912821136 0.4375077249171101 0.013312309552647637 0.027731958018915034
11 0.5573291825096679 0.501943745019883 0.020886554642947187 0.03017889549117228
9 0.5612310663440647 0.6041033844866217 0.028690322311740644 0.02732413510687215
