2 0.6486198635075414 0.664250312800029 0.016328653028054477 0.030604982769148404
2 0.6886586154530449 0.6606731070218168 0.011855049458724525 0.03298978662128968
3 0.464307396451145 0.48081914983948393 0.01632865302805454 0.024642973138794787
4 0.5183261595508047 0.40987123523827623 0.019236495348119033 0.025835375064865482
4 0.479070288229934 0.39536367847108256 0.011407689101791553 0.024642973138794787
9 0.58733149460772 0.6139706982507137 0.017670734098853513 0.02623284237355574
8 0.5002080650950184 0.6773667339868068 0.01521025213572199 0.034579655856050745
8 0.5421480985574871 0.7053881792494687 0.019907535883518495 0.028617646225697232
10 0.28547509376717806 0.6515313589219413 0.017894414277320064 0.03378472123867021
10 0.31857976018022005 0.6445756810198623 0.018789134991186066 0.030207515460458093
