4 0.24556766409717376 0.31259012659628743 0.02017595209767832 0.028418912571352074
4 0.2748473994584386 0.296850421172154 0.011810313423031177 0.024046772175759467
3 0.4453587995034518 0.5102108724770741 0.01427079538616264 0.02667005641311497
3 0.4174323292219093 0.5231086866440723 0.015008939975102206 0.027107270452674297
10 0.3962721843389784 0.5550253115318985 0.015501036367728522 0.024483986215318745
2 0.575887367647578 0.7220410746435366 0.01796151833085998 0.027107270452674297
8 0.5945870305673775 0.5720766590747097 0.019437807508738875 0.02973055469002974
8 0.6266963201862435 0.5495601360374076 0.01623918095666803 0.031042196808707626
1 0.517696969219518 0.5228900796242926 0.018699662919799426 0.028418912571351967
1 0.5505444034273236 0.5049643040023629 0.011564265226718046 0.03191662488782618
