0 0.8823276066886905 0.3812424074570997 0.026300580919464123 0.02624341581965674
3 0.4111196618409525 0.4757417249480568 0.015676700942143608 0.021409102379193655
3 0.38475430116552917 0.4786192924721419 0.010105641929646293 0.02163930778112047
2 0.4639481525801902 0.6872347526251579 0.014997005278793014 0.019245163219302853
2 0.4317323634627829 0.6761317738447907 0.011664337439061288 0.025660217625737333
2 0.47936174133894965 0.6702101851619284 0.01416383831886004 0.021712491837162215
10 0.4375645321823135 0.610747565471518 0.016663339198658957 0.023192889007877873
10 0.4140969961442022 0.599644586691151 0.014163838318860096 0.025660217625737235
8 0.5582348802126019 0.5071197635214254 0.01416383831886004 0.02516675190216538
8 0.5903118081700204 0.5234041323992971 0.016663339198658905 0.030101409137884103
11 0.5168542545359324 0.4619676498145993 0.018051950798547205 0.029607943414312155
11 0.4918592457379439 0.4701098342535352 0.014719282958815375 0.023192889007877873
