8 0.25227918939579963 0.5410877268314791 0.01694087448610434 0.025389439569341244
8 0.2829250409942581 0.5145134467489019 0.013895324016692322 0.028436172317662232
11 0.36384913310948525 0.5828204923274923 0.015208222964056552 0.029686101028915245
11 0.38925799342748224 0.5752340442867697 0.016321019766304665 0.02770702762698756
10 0.3992731646477146 0.6537372892299009 0.021514071510128872 0.03562332123469818
10 0.4237546942971716 0.6514283702609853 0.014837290696640599 0.027047336493011668
9 0.40641171333376375 0.3846067139518156 0.011426163008306981 0.03320759276963545
9 0.4352558077571727 0.39625415320683693 0.01616384035321477 0.026764328500900256
1 0.6168805247779704 0.2532464742386538 0.013056815813043732 0.03338037137918022
1 0.6489105260693432 0.2684853394334969 0.01754509624877748 0.03483169187392713
0 0.6999452222626982 0.4743693479693818 0.023339058265815574 0.03751663478920903
0 0.7349538096614215 0.4863427420510441 0.023339058265815574 0.026341466979657478
4 0.8653845982819706 0.7429713619257384 0.018209402218604388 0.03538343354961619
4 0.8985998967733138 0.735175012160569 0.0158489241532297 0.03178511827338392
